15.340909090909092
206.9884615384615
153.7846153846154
1042.159574468085
40.466233766233785
42.152941176470584
587.0640000000001
116.51555555555555
45.879999999999995
49.26304347826087
52.46575342465756
219.58870967741933
0.0
475.74375000000003
43.63999999999999
126.24583333333332
39.59148936170214
520.6400000000001
736.7344262295082
269.0
82.28
208.69268292682926
1195.481690140845
328.3923076923077
416.4114285714286
218.75789473684208
21.781818181818178
76.21132075471697
56.92727272727272
176.65357142857144
1055.9440000000002
72.35373134328357
397.23333333333335
276.9160714285714
1353.6780219780223
1814.0249999999999
54.63898305084748
24.4
329.9807692307692
30.133333333333333
60.329268292682926
146.92857142857142
396.00428571428574
125.18275862068961
39.09107142857145
189.3458333333333
3344.251612903226
180.6934426229508
896.3015151515152
74.56666666666666
178.85161290322574
489.66078431372546
24.74385964912282
34.372151898734195
236.9551020408163
110.025
0.0
231.26226415094328
145.87222222222226
59.14200000000003
28.671999999999997
213.22641509433953
40.0
82.35964912280701
296.7271186440678
250.9235294117647
41.007692307692324
134.06825396825397
20.87288135593221
506.974
43.57931034482761
25.660606060606057
24.455319148936162
287.44255319148937
470.6028985507247
219.58181818181814
29.61162790697674
128.11555555555557
66.81724137931036
889.8257575757577
116.89000000000001
1529.6813559322034
28.50526315789474
32.5
36.6542372881356
368.9414285714286
19.922222222222217
754.8060000000002
137.7940476190476
44.29268292682929
296.98936170212767
59.7171052631579
167.0076923076923
137.23250000000002
1292.541818181818
61.016666666666666
35.57073170731708
63.37758620689657
51.125454545454566
111.73428571428573
134.9914893617021
27.698611111111106
31.331481481481497
380.2767441860465
271.98596491228074
69.07234042553192
1223.8902439024391
150.76
70.72
603.8826923076922
114.7415584415584
71.66507936507938
402.55573770491816
113.09148936170213
58.09565217391307
83.57906976744188
106.28125
549.619298245614
262.64382022471915
143.20000000000002
117.45517241379308
61.02708333333337
62.70000000000001
459.5780000000001
96.97213114754098
395.33478260869566
76.62142857142858
537.9298507462687
99.30972222222219
768.9225806451612
96.8793103448276
428.9313432835821
49.26304347826087
32.837931034482736
29.949999999999996
227.71999999999997
102.90789473684208
434.5257142857143
18.217999999999993
122.0076923076923
182.25882352941176
1529.4882352941179
271.7797101449276
83.32343750000003
79.52307692307694
39.6534482758621
40.43750000000003
1820.482142857143
663.7746835443038
50.6169491525424
124.22022471910111
127.12173913043473
434.0
174.81124999999997
81.54629629629628
59.0
2240.8
186.8857142857143
113.09148936170213
31.112280701754404
92.61016949152543
99.67674418604652
45.75416666666667
207.75102040816324
229.53243243243244
2904.6666666666665
73.49166666666669
120.51777777777781
1688.6185185185184
44.172
110.025
683.0577777777785
155.97692307692307
794.3597402597404
80.05633802816904
67.23333333333333
63.1
489.66078431372546
464.2741379310345
111.96
19.84523809523809
178.0
14.700000000000001
55.30727272727275
86.88297872340425
41.007692307692324
126.17037037037036
52.46575342465756
339.19454545454556
17.661764705882348
168.47346938775513
483.25499999999994
153.81636363636363
227.7056338028169
203.87837837837836
1042.159574468085
200.84634146341457
61.96756756756756
61.58571428571426
3099.013846153846
119.32537313432834
119.32537313432834
56.57291666666671
1977.4298850574714
582.0215686274511
26.340816326530604
715.0614285714286
69.80923076923081
24.455319148936162
35.6
0.0
85.98548387096771
3461.3456790123455
97.92499999999998
256.5130434782609
429.5263157894737
111.97755102040817
808.4596774193549
130.61999999999995
45.8689655172414
687.2811320754718
248.4296296296296
1683.6876712328772
297.1971428571429
1682.8
95.45384615384617
91.28478260869566
75.70961538461543
218.98135593220337
394.553488372093
65.52400000000002
57.25833333333336
1485.0242424242424
254.23469387755102
76.19999999999999
206.9884615384615
71.6508196721312
1682.8
401.55277777777775
0.0
171.53389830508473
1376.344155844156
503.9840579710144
2492.6057971014493
69.49661016949155
54.27857142857145
14.03962264150943
36.6
112.83023255813956
489.66078431372546
118.08400000000002
66.32950819672133
229.47441860465108
3431.7740000000003
54.822077922077945
45.35333333333333
158.14655172413796
72.21176470588237
366.96071428571423
51.416666666666664
37.81914893617023
56.421052631578966
32.12028985507248
72.51935483870967
41.875
38.60882352941176
251.68571428571428
26.880000000000003
513.5617021276597
0.0
257.93888888888887
225.630303030303
482.3333333333333
0.0
115.60312499999999
399.3333333333333
358.48809523809524
211.46451612903223
256.5130434782609
283.48902439024414
143.20000000000002
2229.4466666666663
701.6204081632654
274.7142857142858
1992.5827586206897
217.01960784313727
96.4362068965517
0.0
722.4391891891893
48.800000000000004
207.65714285714284
130.54698795180724
155.0973684210526
300.7418181818182
59.8544117647059
44.84400000000001
659.3333333333334
47.088333333333345
1189.7692307692307
224.66190476190476
157.9875
2925.269047619047
97.85882352941177
121.65166666666666
39.6534482758621
1952.2880597014926
164.5372881355932
818.3946428571428
69.3372549019608
728.2976744186046
276.91875
21.026666666666657
90.71111111111112
27.197619047619046
45.75416666666667
203.6333333333333
402.55573770491816
2801.6901408450703
62.030434782608715
1935.0
36.04615384615386
964.7163934426229
658.8645833333334
272.1
21.53235294117647
39.6534482758621
1610.6333333333334
47.71744186046512
323.732
0.0
26.55774647887325
69.6
950.9386363636364
25.07368421052632
58.4183673469388
3432.99746835443
474.0656716417911
550.2483870967742
126.84038461538458
232.8181818181818
55.199999999999996
22.76176470588237
44.88333333333336
764.5326530612244
556.2890410958904
188.54999999999995
103.8826923076923
25.503703703703696
361.5876923076923
19.0
379.0
268.864
119.32537313432834
480.83571428571435
1292.541818181818
203.49666666666664
63.96511627906979
1408.9565217391305
1548.5714285714287
259.5
38.20754716981132
52.72727272727273
265.09411764705885
623.7648648648649
141.5962962962963
118.15510204081633
45.922413793103466
201.3326086956521
118.08400000000002
402.55573770491816
40.553030303030326
119.55000000000001
81.5659090909091
72.65238095238095
215.293023255814
2021.0
93.28421052631577
332.6242424242424
117.06176470588237
344.6675675675675
227.72028985507242
1786.9750000000001
75.18125000000003
98.75818181818182
645.7809523809524
627.6720930232558
64.90512820512824
316.9641791044776
110.025
2106.834693877551
80.26545454545459
208.69268292682926
208.84909090909088
182.46428571428572
140.53611111111113
120.62236842105257
556.24
192.8081632653061
402.55573770491816
946.8617021276598
67.0861111111111
118.71555555555555
43.14545454545457
17.462222222222216
