93.87407407407414
102.3
335.72388059701495
751.8148148148148
216.4
79.33793103448276
43.199999999999996
116.51555555555555
346.16078431372546
22.549999999999997
16.525
239.72295081967204
436.15161290322595
25.766666666666666
13.6
151.012
1395.0
383.2565217391304
337.38813559322034
249.0
398.68593750000014
23.1
0.0
175.87941176470565
778.3924528301883
244.9195121951219
24.241538461538454
106.29999999999998
57.09000000000001
569.0
1483.0
578.8333333333334
397.9800000000001
262.09833333333336
1213.8450549450552
751.3375000000001
279.5222222222222
407.9241935483873
219.29999999999998
322.3030769230771
41.9375
138.23529411764707
369.05921052631584
143.55084745762701
699.0
210.656862745098
132.33333333333334
176.3223880597015
0.0
80.15
1065.9833333333333
8.1
47.51333333333333
68.875
351.8612903225807
29.0
448.3532258064518
235.19444444444437
0.0
0.0
240.45178571428573
40.975
429.8634920634922
137.9274193548387
0.0
281.1714285714286
14.899999999999999
132.38709677419354
65.915625
453.2057692307692
146.7375
84.7777777777778
77.6274509803922
301.1387755102041
455.94852941176475
238.15384615384616
75.7260869565218
150.70851063829784
96.55322580645161
369.63846153846157
258.155737704918
753.8770491803278
43.4
408.18548387096786
71.80655737704919
1249.0
39.0
740.0423076923079
23.5
24.9
201.37636363636358
106.75599999999999
180.084375
25.45555555555556
1188.2262295081969
23.66
79.8565217391305
92.57868852459015
215.64090909090916
111.73428571428573
167.76862745098038
56.8493150684932
69.87068965517246
439.45211267605634
277.0
195.16172839506171
999.2260869565217
119.75777777777779
272.05454545454546
579.4428571428571
140.81333333333333
101.59848484848486
25.0
138.80588235294115
96.16799999999999
163.82884615384617
313.4880597014925
525.7484374999999
278.22087912087915
351.3920634920637
492.89090909090913
0.0
145.49545454545458
231.30312499999997
59.80166666666671
409.85714285714283
131.16060606060609
34.7
66.46031746031748
464.4956521739128
87.8142857142857
409.86478873239435
22.549999999999997
274.5816901408451
72.35000000000004
472.1048387096776
25.3
778.3924528301883
18.15
328.8797101449276
334.35820895522386
448.3532258064518
277.3569444444445
83.32343750000003
110.31346153846154
82.9
33.025
1688.3586206896553
591.5512820512821
80.36721311475408
140.07727272727269
150.52641509433954
421.13709677419365
191.1268292682927
25.025
436.63709677419365
375.7555555555556
356.23500000000007
138.80588235294115
33.875
114.55344827586205
157.92407407407404
75.29999999999997
179.3875
212.39767441860465
617.5257142857149
118.42380952380952
132.27307692307693
1688.6185185185184
78.35283018867929
29.0
105.74000000000001
203.46206896551723
1180.8605263157897
135.5
282.0397260273973
335.3539682539684
8.1
442.15573770491824
136.4583333333333
45.00114942528738
416.72950819672144
43.642857142857146
53.814545454545474
438.8790322580647
14.899999999999999
150.48250000000002
16.525
328.1
88.88358208955226
366.0
468.1716666666667
160.35245901639342
246.47162162162155
35.4
751.8148148148148
64.1108695652174
6.6
34.0
638.0999999999999
9.9
9.9
91.62500000000003
1334.2026315789474
217.71428571428572
19.8
1238.0933333333335
0.0
77.6274509803922
429.79365079365095
472.1048387096776
88.43333333333334
3107.3573170731706
344.37727272727284
274.3897058823529
444.2683333333334
53.959090909090925
116.70869565217392
155.74531249999998
97.28589743589743
814.1695652173913
274.64181818181817
1198.3828947368422
272.1041666666667
481.8968253968256
305.9971014492753
123.97399999999998
111.8148148148147
221.84259259259258
315.2352112676056
89.066
107.12307692307698
778.6315789473684
272.74716981132076
6580.0
102.3
10.6
481.8968253968256
351.5716216216216
436.15161290322595
500.6
1326.3723684210527
433.11449275362315
1588.5788732394365
69.53666666666668
74.08474576271189
59.34150943396229
0.0
176.79999999999998
8.1
36.9325
20.122222222222224
240.28333333333327
12899.0
68.0
65.33333333333333
97.37333333333332
47.56666666666666
1200.0
71.09999999999998
36.67777777777778
145.6
44.5
67.425
397.0312500000001
97.30526315789477
349.06935483870984
448.3532258064518
501.16470588235296
435.58870967741956
415.82857142857137
253.10666666666665
428.2500000000001
472.1048387096776
30.890476190476186
419.6904761904763
380.27654320987654
233.28196721311474
274.3897058823529
452.06486486486483
351.3920634920637
956.5441176470588
472.1048387096776
849.0
5588.090909090909
262.0
72.73571428571428
472.1048387096776
650.5105263157897
121.48780487804876
359.9861538461539
217.9780821917808
173.20886075949366
208.77868852459017
76.13125000000001
86.8377358490566
145.27101449275344
81.14444444444446
1189.7692307692307
234.50142857142856
26.399999999999995
1543.6115384615382
126.69473684210524
164.11363636363637
82.9
1805.8953846153847
176.7705882352941
753.9
91.29056603773586
593.2863636363636
228.07714285714283
54.57833333333338
129.39487179487182
213.73333333333323
75.29999999999997
203.0591836734694
25.0
1143.0839285714287
131.65714285714287
2331.8333333333335
0.0
432.2276923076923
791.7136363636365
126.32205882352928
80.07500000000006
82.9
436.15161290322595
72.06976744186046
65.0
436.15161290322595
63.830769230769256
430.3333333333335
58.0
61.73809523809529
97.56923076923077
2885.6810126582277
1169.0
549.8953125
159.551724137931
395.1689655172414
78.59466666666663
57.51617647058827
20.933333333333334
33.957142857142856
34.8
212.5918367346938
0.0
49.88
361.5876923076923
121.22898550724624
411.25454545454573
370.65000000000003
9.9
684.8571428571429
1188.2262295081969
212.75333333333333
95.53409090909093
1204.616
1421.055769230769
358.2704918032788
78.26481481481484
52.72727272727273
1141.6000000000001
1762.3333333333333
174.70754716981128
144.43703703703702
97.28589743589743
1155.4
36.9325
25.0
68.93676470588238
64.0
98.26590909090915
131.66904761904757
240.28333333333327
963.259722222222
93.28421052631577
332.6242424242424
142.3236111111111
374.5447368421052
109.84675324675321
637.018181818182
107.82999999999998
17.422222222222224
614.2272727272727
588.6408163265306
68.365
479.0
29.0
1915.2
48.510000000000005
23.1
238.44210526315788
192.5692307692307
148.6883720930232
145.25324675324669
495.5371428571427
212.90999999999997
25.0
154.0
5305.5
328.74318181818177
98.0
64.00217391304352
